[33m2024/01/20 16:42:26 468012	WARNING [thread_safe_buffer.hpp->push:154]	Pushing to a full ThreadSafeBuffer of type: World

[m[33m2024/01/20 16:42:26 468836	WARNING [thread_safe_buffer.hpp->push:154]	Pushing to a full ThreadSafeBuffer of type: World

[m/tmp/tbots/thunderscope-profile/2024-01-20 16-42-25

name           id     tid              ttot      scnt        
_MainThread    0      139717393654208  3.248477  2487      
Thread         1      139714011067968  1.892539  2208      
Thread         2      139714002675264  1.795381  2132      
Thread         12     139712903755328  1.687102  182       
Thread         11     139712912148032  1.686882  311       
Thread         37     139710177470016  1.686820  177       
Thread         36     139710185862720  1.686124  290       
Thread         14     139712886969920  1.686122  86        
Thread         13     139712895362624  1.686087  138       
Thread         45     139709632206400  1.685928  86        
Thread         39     139710160684608  1.685720  86        
Thread         38     139710169077312  1.685667  130       
Thread         44     139709640599104  1.685608  158       
Thread         20     139711821620800  1.685374  86        
Thread         19     139711830013504  1.685224  162       
Thread         7      139713960711744  1.684818  269       
Thread         8      139712937326144  1.684644  169       
Thread         32     139710697555520  1.684355  281       
Thread         33     139710689162816  1.684345  170       
Thread         82     139708843554368  1.683390  164       
Thread         58     139709044979264  1.681935  168       
Thread         103    139708658914880  1.680760  102       
Thread         23     139711251211840  1.679196  129       
Thread         18     139711838406208  1.678089  100       
Thread         17     139711846798912  1.678069  168       
Thread         21     139711813228096  1.677415  192       
Thread         48     139709607028288  1.676387  128       
Thread         22     139711259604544  1.676338  190       
Thread         43     139709648991808  1.675897  100       
Thread         42     139710135506496  1.675839  171       
Thread         57     139709053371968  1.674400  190       
Thread         47     139709615420992  1.674256  194       
Thread         81     139708851947072  1.673061  194       
Thread         46     139709623813696  1.673029  188       
Thread         62     139709011408448  1.672618  100       
Thread         64     139708994623040  1.671788  100       
Thread         60     139709028193856  1.671515  100       
Thread         63     139709003015744  1.671359  170       
Thread         59     139709036586560  1.671120  179       
Thread         61     139709019801152  1.671113  164       
Thread         84     139708826768960  1.669967  100       
Thread         83     139708835161664  1.669509  177       
Thread         53     139709086942784  1.669191  168       
Thread         80     139708860339776  1.669050  160       
Thread         102    139708675700288  1.668849  168       
Thread         86     139708809983552  1.668604  100       
Thread         79     139708868732480  1.668557  251       
Thread         101    139708684092992  1.668464  237       
Thread         85     139708818376256  1.667824  171       
Thread         16     139711855191616  0.289434  15        
Thread         15     139711863584320  0.289315  23        
Thread         41     139710143899200  0.287985  15        
Thread         40     139710152291904  0.287434  24        
Thread         55     139709070157376  0.020087  3         
Thread         56     139709061764672  0.020061  2         
Thread         54     139709078550080  0.018997  3         
Thread         3      139713994282560  0.000154  1         
Thread         9      139712928933440  0.000085  1         
Thread         5      139713977497152  0.000051  1         
Thread         28     139711209248320  0.000050  1         
Thread         4      139713985889856  0.000044  1         
Thread         10     139712920540736  0.000042  1         
Thread         75     139708902303296  0.000037  1         
Thread         30     139710714340928  0.000037  1         
Thread         6      139713969104448  0.000037  1         
Thread         51     139709103728192  0.000037  1         
Thread         73     139708919088704  0.000031  1         
Thread         89     139708784805440  0.000029  1         
Thread         87     139708801590848  0.000029  1         
Thread         34     139710680770112  0.000029  1         
Thread         95     139708734449216  0.000028  1         
Thread         77     139708885517888  0.000028  1         
Thread         74     139708910696000  0.000027  1         
Thread         99     139708700878400  0.000026  1         
Thread         71     139708935874112  0.000026  1         
Thread         69     139708952659520  0.000026  1         
Thread         91     139708768020032  0.000025  1         
Thread         24     139711242819136  0.000024  1         
Thread         65     139708986230336  0.000024  1         
Thread         29     139710722733632  0.000024  1         
Thread         67     139708969444928  0.000024  1         
Thread         93     139708751234624  0.000023  1         
Thread         97     139708717663808  0.000023  1         
Thread         25     139711234426432  0.000022  1         
Thread         49     139709598635584  0.000021  1         
Thread         27     139711217641024  0.000021  1         
Thread         31     139710705948224  0.000020  1         
Thread         100    139708692485696  0.000019  1         
Thread         72     139708927481408  0.000018  1         
Thread         50     139709112120896  0.000018  1         
Thread         90     139708776412736  0.000018  1         
Thread         78     139708877125184  0.000017  1         
Thread         76     139708893910592  0.000017  1         
Thread         52     139709095335488  0.000017  1         
Thread         94     139708742841920  0.000017  1         
Thread         26     139711226033728  0.000016  1         
Thread         92     139708759627328  0.000016  1         
Thread         88     139708793198144  0.000015  1         
Thread         70     139708944266816  0.000015  1         
Thread         98     139708709271104  0.000015  1         
Thread         35     139710672377408  0.000015  1         
Thread         68     139708961052224  0.000014  1         
Thread         66     139708977837632  0.000014  1         
Thread         96     139708726056512  0.000013  1         
Found target //software/thunderscope:thunderscope_main with confidence 90
bazel run //software/thunderscope:thunderscope_main --copt=-O3 --
[33m2024/01/20 16:42:50 960550	WARNING [thread_safe_buffer.hpp->push:154]	Pushing to a full ThreadSafeBuffer of type: World

[m[33m2024/01/20 16:42:50 962353	WARNING [thread_safe_buffer.hpp->push:154]	Pushing to a full ThreadSafeBuffer of type: World

[m/tmp/tbots/thunderscope-profile/2024-01-20 16-42-49

name           id     tid              ttot      scnt        
_MainThread    0      140205430084032  3.599646  3169      
Thread         1      140201447892544  2.241570  2705      
Thread         2      140201439499840  2.143130  2684      
Thread         12     140201003308608  2.035639  221       
Thread         11     140201011701312  2.035396  365       
Thread         14     140200986523200  2.035304  106       
Thread         13     140200994915904  2.034881  166       
Thread         37     140198620927552  2.034253  221       
Thread         36     140198629320256  2.034164  364       
Thread         23     140199761778240  2.034047  159       
Thread         20     140199786956352  2.033763  106       
Thread         19     140199795349056  2.033730  196       
Thread         38     140198134412864  2.033326  174       
Thread         39     140198126020160  2.033325  106       
Thread         45     140197597541952  2.033169  106       
Thread         44     140198084056640  2.032926  192       
Thread         8      140201112348224  2.031314  204       
Thread         7      140201120740928  2.031132  326       
Thread         48     140197572363840  2.030736  155       
Thread         82     140196867638848  2.029458  204       
Thread         58     140197144532544  2.029339  204       
Thread         18     140199803741760  2.028514  120       
Thread         17     140199812134464  2.028368  211       
Thread         103    140196682999360  2.028353  122       
Thread         33     140198654498368  2.027049  196       
Thread         32     140198662891072  2.026993  336       
Thread         21     140199778563648  2.026416  234       
Thread         22     140199770170944  2.026377  228       
Thread         43     140198092449344  2.024504  120       
Thread         42     140198100842048  2.024283  203       
Thread         57     140197152925248  2.023240  235       
Thread         46     140197589149248  2.022933  231       
Thread         47     140197580756544  2.022769  227       
Thread         60     140197052278336  2.020591  120       
Thread         62     140197035492928  2.020439  120       
Thread         81     140196876031552  2.020318  237       
Thread         61     140197043885632  2.019970  198       
Thread         59     140197060671040  2.019944  214       
Thread         64     140197018707520  2.019926  120       
Thread         63     140197027100224  2.018853  197       
Thread         53     140197186496064  2.018311  205       
Thread         84     140196850853440  2.018068  120       
Thread         86     140196834068032  2.017988  120       
Thread         83     140196859246144  2.017507  211       
Thread         80     140196884424256  2.017506  192       
Thread         85     140196842460736  2.017476  197       
Thread         79     140196892816960  2.016805  315       
Thread         102    140196699784768  2.016285  201       
Thread         101    140196708177472  2.014477  308       
Thread         16     140200969737792  0.296448  15        
Thread         15     140200978130496  0.295970  20        
Thread         41     140198109234752  0.292455  15        
Thread         40     140198117627456  0.292002  25        
Thread         54     140197178103360  0.026002  4         
Thread         56     140197161317952  0.022807  2         
Thread         55     140197169710656  0.019801  2         
Thread         3      140201154311744  0.000153  1         
Thread         5      140201137526336  0.000110  1         
Thread         71     140196959958592  0.000056  1         
Thread         6      140201129133632  0.000050  1         
Thread         9      140201103955520  0.000046  1         
Thread         4      140201145919040  0.000043  1         
Thread         51     140197547185728  0.000039  1         
Thread         30     140199157798464  0.000035  1         
Thread         28     140199174583872  0.000033  1         
Thread         73     140196943173184  0.000033  1         
Thread         75     140196926387776  0.000031  1         
Thread         77     140196909602368  0.000030  1         
Thread         69     140196976744000  0.000028  1         
Thread         72     140196951565888  0.000027  1         
Thread         89     140196808889920  0.000027  1         
Thread         91     140196792104512  0.000026  1         
Thread         95     140196758533696  0.000026  1         
Thread         87     140196825675328  0.000026  1         
Thread         67     140196993529408  0.000025  1         
Thread         93     140196775319104  0.000024  1         
Thread         99     140196724962880  0.000024  1         
Thread         29     140199166191168  0.000024  1         
Thread         97     140196741748288  0.000024  1         
Thread         34     140198646105664  0.000024  1         
Thread         49     140197563971136  0.000023  1         
Thread         65     140197010314816  0.000023  1         
Thread         74     140196934780480  0.000022  1         
Thread         24     140199208154688  0.000021  1         
Thread         10     140201020094016  0.000021  1         
Thread         27     140199182976576  0.000020  1         
Thread         76     140196917995072  0.000019  1         
Thread         92     140196783711808  0.000019  1         
Thread         52     140197194888768  0.000019  1         
Thread         26     140199191369280  0.000018  1         
Thread         25     140199199761984  0.000018  1         
Thread         50     140197555578432  0.000018  1         
Thread         31     140198671283776  0.000018  1         
Thread         78     140196901209664  0.000017  1         
Thread         100    140196716570176  0.000017  1         
Thread         88     140196817282624  0.000017  1         
Thread         90     140196800497216  0.000017  1         
Thread         70     140196968351296  0.000016  1         
Thread         96     140196750140992  0.000016  1         
Thread         98     140196733355584  0.000016  1         
Thread         94     140196766926400  0.000016  1         
Thread         35     140198637712960  0.000016  1         
Thread         68     140196985136704  0.000015  1         
Thread         66     140197001922112  0.000014  1         
Found target //software/thunderscope:thunderscope_main with confidence 90
bazel run //software/thunderscope:thunderscope_main --copt=-O3 --
